1763525914851 0.45527268708164587 0
1763525914898 0.4732747284966715 1
1763525914951 0.579894247805814 2
1763525915002 0.5331562119312704 3
1763525915054 0.5915613242798162 4
1763525915105 0.6122472598189781 5
1763525915157 0.6154791120686495 6
1763525915207 0.6184422310124589 7
1763525915258 0.6680456510197887 8
1763525915311 0.6756910914974814 9
1763525915363 0.6862592333869858 10
1763525915414 0.7591189611804878 11
1763525915468 0.7246456642489711 12
1763525915530 0.7277691498849516 13
1763525915586 0.8014234203187072 14
1763525915646 0.8171682290681207 15
1763525915697 0.7786273359976589 16
1763525915747 0.8249236716910221 17
1763525915798 0.8123723218367268 18
1763525915848 0.9005657358336612 19
