1763525914874 1.0106005569061822 0
1763525914926 1.0138223105649549 1
1763525914978 0.9782296046413582 2
1763525915029 0.8666785948398517 3
1763525915081 0.8958578995003913 4
1763525915132 0.8682742250049093 5
1763525915184 0.8036030855814877 6
1763525915235 0.7486681496020874 7
1763525915285 0.6771382734482292 8
1763525915337 0.6934003490507439 9
1763525915389 0.6842820544310999 10
1763525915445 0.5874262862565681 11
1763525915501 0.5595336817843402 12
1763525915560 0.5000255871639286 13
1763525915615 0.4630291223600132 14
1763525915671 0.42709222431724836 15
1763525915724 0.43693642459994086 16
1763525915774 0.4014987874736419 17
1763525915825 0.3334442979187202 18
1763525915875 0.3083036485784531 19
